{
    "server.optimize_test--test_average_value": 0.029158801000448875,
    "server.optimize_test--test_build_intervention_profile": 0.032838600000104634,
    "server.optimize_test--test_build_probability_profile": 0.06531923799775541,
    "server.optimize_test--test_combine_profiles": 6.298100197454914e-05,
    "server.optimize_test--test_percentile_breaks": 5.340499774320051e-05,
    "server.optimize_test--test_percentile_ranges": 7.315300172194839e-05
}